,Predictions
0,9.579262896269999
1,33.575881824449986
2,71.99842555560001
3,94.52198760620004
4,21.1168282795
5,36.76753678285004
6,41.00205335580001
7,80.65877220149996
8,49.4486896713
9,73.99601188460001
10,16.378742543919994
11,4.8947369957900015
12,3.7285293473700016
13,0.16298317186000008
14,0.5844904293500005
15,48.67505659230002
16,96.76001067950007
17,149.22174423019996
18,143.9892684214
19,88.61408023619995
20,111.54619171020002
21,113.80759422459998
22,129.87131294599993
23,162.05166724600002
24,161.09757041650002
25,78.84446185609995
26,51.449796142700016
27,41.96845090780002
28,6.8938812699300005
29,0.2639519998400001
30,36.71028003700002
31,117.36655089530004
32,162.2743800367
33,128.93841217099995
34,147.31951675590005
35,153.26186806450002
36,165.48951325099992
37,152.58197692739998
38,100.01504607959998
39,79.06671752529994
40,76.98411284879994
41,93.57355674680001
42,115.39003455690005
43,37.594712467800015
44,2.4113540488300007
45,0.1373865019799999
46,0.31543350334
47,20.925155954280005
48,116.82968413900004
49,115.10998077459999
50,114.6209594741
51,145.57354852060004
52,139.001146324
53,168.61745948670003
54,168.28662910500003
55,141.4461032849
56,153.49445710149996
57,120.16133987280001
58,118.98801306610001
59,93.43812186419999
60,85.0027534806
61,14.498540822020006
62,9.415042489869998
63,25.514587011689986
64,10.766507147319997
65,5.973821153900001
66,6.609447684339998
67,0.5713170810300007
68,0.08209349990000002
69,7.160337620010004
70,105.1869361803
71,119.2624875692999
72,119.02108467620008
73,179.3711346459999
74,179.7205347465
75,206.46532180600008
76,166.74242034769995
77,105.47682891230001
78,171.55628670239994
79,171.7642360018
80,108.24620269639995
81,41.25189582760001
82,51.18241523709999
83,37.69548232171
84,79.30519412919999
85,33.01080478655001
86,7.14369434829
87,12.698064025569991
88,45.83768800679999
89,9.012783427660004
90,0.13643953747000012
91,1.4357115961300002
92,42.7035177803
93,140.0723120971
94,114.20911659019995
95,94.91777954360003
96,168.31087722799987
97,161.20834548609997
98,130.65045616469996
99,128.5772983603
100,146.40521760340013
101,196.5586393610001
102,156.62047942429996
103,114.46934082099999
104,170.12031166429995
105,179.01504525020002
106,140.24486488600007
107,90.32794276439999
108,7.437238469330005
109,13.690610428760001
110,12.418378129270003
111,5.479763360150002
112,11.588344184550001
113,27.86545807916001
114,23.41483808519999
115,1.3503103040399993
116,0.02917634962000002
117,0.40135431018999995
118,27.36720392118001
119,110.1982801017
120,93.4144870033
121,121.01683043890003
122,170.87406327099998
123,138.41120010669994
124,139.2552474222999
125,140.4283351207001
126,168.94047431709998
127,138.69744363199993
128,140.25644233890003
129,169.40638755860007
130,183.64975532700007
131,189.9994369549999
132,140.39404075700003
133,130.41116722139998
134,36.33139228830002
135,56.410345517099984
136,29.401277715380015
137,7.193423883980005
138,28.708071852000018
139,47.6665575025
140,9.928881331030004
141,1.1428004895100006
142,0.8671806953599998
143,35.45158054380002
144,100.01137588799995
145,123.67067116369995
146,136.11662354649997
147,167.73299240850002
148,112.69581679929996
149,162.443898311
150,170.81771209800002
151,138.8282136607001
152,107.97747535649998
153,153.61237693469994
154,182.055677112
155,173.43027504260007
156,180.00955505599993
157,199.30609581599995
158,161.26980957310002
159,105.43446747130001
160,59.317950305000004
161,16.304895941220003
162,14.557482615669997
163,75.92236098889994
164,211.08342528499995
165,88.07483527809997
166,28.897724894409993
167,0.13412766657000008
168,0.36843447766
169,13.503876557630006
170,68.04508960609992
171,99.0001741361
172,96.46590385700001
173,133.22411201329996
174,142.30838821909995
175,141.01099625870003
176,130.5485745296
177,134.84362548989995
178,161.30502028919997
179,167.087926172
180,243.97173476899997
181,188.82422225800005
182,108.01916762449999
183,118.25308243150005
184,106.22949279829994
185,92.2539902856
186,97.93470474799999
187,51.85225631700002
188,10.566752758239993
189,84.44450293419993
190,181.475916446
191,161.48805579399996
192,55.75987804320003
193,22.71239751870998
194,1.9189336227700002
195,2.4192034984100017
196,0.39542935453999994
197,1.8585764013500006
198,6.571817452300001
199,10.206518017310005
200,21.87686001688001
201,21.635386962200013
202,16.430679961290004
203,0.01589212466999998
204,0.021752512229999993
205,0.005060533909999995
206,0.2045659520500001
207,1.4037818258699992
208,82.10629055690002
209,87.30762710379999
210,94.53814839389997
211,105.02887825130001
212,289.893778689
213,174.99950285990002
214,133.04184494609996
215,81.89898864549997
216,189.75178650800007
217,205.3123730426001
218,175.5433979043
219,270.0546151699999
220,176.60425468290003
221,156.39442513139997
222,143.43927001699996
223,158.033766256
224,193.18719604240002
225,256.49530976099993
226,122.24369788849995
227,104.95858192860004
228,161.17271033300005
229,257.951559441
230,251.72400740499995
231,91.69295707329997
232,22.496591930649988
233,27.147382315599994
234,27.430207701089998
235,1.0724556337300002
236,20.986115846100006
237,34.333334247029995
238,24.84533813389999
239,20.834695158200002
240,25.49900637553
241,100.27239540220006
242,89.30975780479991
243,21.00930018487
244,11.259374984629998
245,0.05249207226999995
246,4.588805351359995
247,6.272982895750004
248,19.36738492032
249,105.97319610869995
250,81.71872898340001
251,100.2148785369
252,222.3611273139999
253,321.60557799200006
254,236.8239579840001
255,116.92919829750001
256,150.8763047024
257,229.06586578599996
258,187.94209595559994
259,168.98659607500008
260,228.28193328999987
261,244.15353210099994
262,198.84018630300005
263,175.8524536241
264,146.08417831449992
265,188.53712416800002
266,230.21614441200003
267,164.34230407649997
268,232.04074767299988
269,235.426556693
270,186.46600830200003
271,234.21090590999992
272,163.82139236199998
273,43.05291336030002
274,70.68944290159999
275,9.74522311263
276,0.0010599182099999987
277,6.52673844469
278,31.33883591730002
279,2.6066063689800005
280,0.1275923133799999
281,0.00217573826
282,12.224883422359994
283,44.07607061380002
284,19.50547340509
285,2.20417307339
286,12.524559675119997
287,31.02359582840001
288,14.442463356419994
289,53.08309577012999
290,13.09485941987
291,50.627531089659996
292,133.9049183568
293,195.83706596740004
294,216.12530882900006
295,234.07259658499999
296,329.95063827099983
297,222.19660309099984
298,288.492475734
299,288.2811689739999
300,300.98358047799974
301,302.17542465499986
302,211.36978394000008
303,195.2409597924001
304,181.6005812911001
305,230.30327270599994
306,228.89327064599985
307,272.8129737119999
308,196.456280746
309,324.94291091699995
310,232.24152373889984
311,164.01342078499994
312,103.98778578869992
313,136.55816429940006
314,134.5490864634
315,17.953916798900003
316,1.5907357821099994
317,18.525744605480003
318,14.500934889390004
319,16.422969161630004
320,15.58549392806999
321,6.360225618300001
322,22.99195160855001
323,131.0158652507001
324,88.82588787260002
325,43.032939578309986
326,5.913143077119998
327,0.027155307630000007
328,0.7757511586299999
329,0.5208559257999998
330,0.4502145508699998
331,6.266536110590003
332,16.614919839560006
333,86.12320583859997
334,110.85344825330003
335,147.64820014589998
336,219.7734942679
337,277.56503891000006
338,247.18492430899994
339,230.5142958069998
340,263.4939892550001
341,296.7042842129998
342,251.08724044399997
343,188.56685089500007
344,194.5941891430002
345,207.92833000560003
346,225.05199409619996
347,242.98401267799989
348,236.62153776999995
349,229.0563214139999
350,196.94697539900008
351,284.77983749699996
352,188.47382393200002
353,94.93323302950003
354,47.75804918310002
355,174.172165679
356,183.27849854599992
357,40.840661640700006
358,28.851620608229986
359,0.1811857989300002
360,1.3546258383100005
361,1.2645325820800004
362,0.8628780820600003
363,2.443698348340001
364,9.009834962660001
365,11.750277643680004
366,1.8268309829000007
367,41.61352008859999
368,116.22998816840006
369,68.00338523759997
370,73.90766948729998
371,177.7310415626
372,42.82971599660001
373,26.18997551499001
374,22.154688542569993
375,23.684218587819995
376,123.24242447239997
377,182.240816508
378,234.80585129000002
379,164.715351797
380,277.139993593
381,252.94473846699984
382,211.27770865999992
383,180.87929000399998
384,160.58147018799994
385,174.31608024639993
386,202.60774001839997
387,144.61151084959988
388,180.85150628620002
389,320.9545286529999
390,234.21522400299992
391,196.931027823
392,226.07340118420004
393,180.76159180000013
394,191.7544125344
395,156.878996197
396,206.49981260699977
397,101.1935774145
398,92.53433151200002
399,140.01144103980002
400,96.44872653910001
401,144.36588149469998
402,39.242544861699976
403,5.347678464870001
404,0.7275768709600002
405,1.5667424893500006
406,0.03736575212999999
407,3.550692549709998
408,2.3859979386200028
409,3.91475626589
410,20.921819000299987
411,12.108720837240003
412,0.6254321212899998
413,0.5551936383900002
414,0.005026600809999999
415,0.20616407956000019
416,59.35546928409998
417,61.42655483190002
418,80.55133003110001
419,61.98142099290003
420,42.37626866431001
421,88.55986423509992
422,78.35160381419996
423,40.17382605623001
424,4.911322082460003
425,1.8005138992900012
426,1.9832442152300007
427,21.65187830041999
428,115.00981886790001
429,140.098792727
430,156.374394006
431,169.5488592509
432,235.78431716989996
433,126.85021423479999
434,124.79533072350002
435,193.8166693090001
436,196.5414444700001
437,239.683207554
438,243.08211318999986
439,281.354847563
440,286.7603537059998
441,304.39480652099996
442,276.68499481100014
443,177.14686875190012
444,103.24855625180003
445,162.73526116000002
446,233.15412612899996
447,265.83645049399985
448,144.63050056699998
449,161.86439865160003
450,136.8683982115999
451,133.44281662020003
452,159.96457641900002
453,113.184611806
454,84.41893402309998
455,0.09279968613999996
456,0.32661239806
457,0.2836103246699999
458,6.594253946760002
459,6.729455119540005
460,16.309827379370002
461,1.4223438811100004
462,3.1169309545100017
463,58.143836727299984
464,36.90668186230001
465,37.944111471130014
466,62.39186618689997
467,3.408272756280001
468,33.6568171121
469,4.496431594729998
470,0.25997416499
471,0.62792287741
472,36.26645972373001
473,11.05807971528
474,26.881302385130006
475,34.3938573645
476,1.6445376419300004
477,20.101496457999996
478,45.27218906400001
479,14.640348094700006
480,1.6181996255400009
481,0.8063126617999997
482,12.422922510649993
483,140.55346733859997
484,252.3094080399998
485,236.45640838999986
486,148.27035232900005
487,270.8231866519998
488,233.81996536899996
489,140.0760057031
490,166.58903633500012
491,176.8081195067
492,229.8865364059999
493,276.9168016020001
494,240.91359299199988
495,275.81127532900007
496,247.489589773
497,258.871856073
498,208.6805237617999
499,193.440044859
500,213.44671507799995
501,297.32500351000016
502,285.357391049
503,204.73313110789996
504,146.22218239290004
505,98.5750413505
506,138.8104019991
507,131.27406837200002
508,148.52831466300003
509,133.52501350650004
510,23.521847371450008
511,14.622433243379996
512,1.9109195493999998
513,0.07703296223999993
514,1.6506824730500012
515,7.775584342660004
516,20.734536917830006
517,0.08688030030000002
518,6.534478756310005
519,17.166217480170005
520,28.74539001603
521,20.912786400870004
522,0.6316868373800004
523,0.0014502061200000003
524,0.10543248450999998
525,1.5273753662200003
526,32.94966846560001
527,52.52882750513001
528,3.622131822080002
529,41.45264453935001
530,14.11207124299
531,14.699377661429994
532,34.47024164210001
533,108.38183272690007
534,34.394353904499994
535,37.625315226600016
536,92.64875438410002
537,71.19459590749999
538,9.705380392250007
539,2.9117041135300012
540,37.087098045560005
541,30.86930337935001
542,0.15538449114000005
543,21.693535747899983
544,233.53852814199993
545,231.0976617519999
546,270.3942941359997
547,314.28041198400007
548,224.57538162699998
549,181.12780303749986
550,201.89326950500003
551,237.21396195199992
552,186.28380744990002
553,219.46690628400012
554,256.56794188800006
555,242.24453917899996
556,213.4673636658
557,182.88310996630003
558,195.32833557200004
559,236.34989059299988
560,245.80129104099993
561,239.26834105599994
562,287.3617620890002
563,154.97387123079997
564,181.27284042299993
565,251.46914665300005
566,135.5575884267
567,145.71789245370002
568,200.51341042099995
569,92.54611251940001
570,29.276214590210003
571,15.027940998719998
572,6.407872684240004
573,1.4502440190900006
574,9.930030526489999
575,12.16043002685
576,6.679557608629999
577,9.04514472876
578,46.39679123
579,17.86243330032
580,17.02145496199
581,16.148793218989997
582,7.72148683435
583,9.990814490370006
584,0.3022193029
585,3.562055246840001
586,4.226572140400001
587,55.60406477059998
588,28.49528469063
589,69.72116500519998
590,98.94074561640002
591,78.65132781679998
592,84.25783706729999
593,108.06270745210003
594,74.52388130269998
595,45.12845786984999
596,170.284457408
597,229.25745033599992
598,94.64219875280006
599,15.220724444430004
600,79.49913955479992
601,17.844422804440004
602,0.020602390180000013
603,0.50441487858
604,99.23988494379996
605,242.35101715599998
606,323.67596542399997
607,274.15561600099977
608,215.6874635239999
609,205.04550338899992
610,183.12796516219998
611,222.41950438800004
612,174.77049606500003
613,145.2816256712
614,156.89333336590005
615,216.90422691799995
616,214.43639900300002
617,148.62860649220002
618,238.51329910299998
619,176.7329962959999
620,192.528929745
621,159.94386008799995
622,234.1691827370001
623,198.3450547049998
624,195.81012947789995
625,182.1854438058001
626,62.502540262599986
627,107.64839995739996
628,102.0891614426
629,85.64234851900002
630,54.56020143410004
631,37.855913390400005
632,11.536659794479997
633,21.84075695081
634,18.16631695829999
635,4.893007726670001
636,24.14754539485001
637,91.44277065999995
638,11.777592526620001
639,34.79066125870001
640,43.024261722400006
641,18.17944122806
642,19.33850741855001
643,18.134067798480004
644,36.54172483520002
645,44.363858509800004
646,7.652596745500002
647,60.09306078000002
648,19.681484328349992
649,16.726840401100002
650,31.46465362476999
651,78.76161662349993
652,113.10395660920007
653,80.26026023709997
654,17.74190511779001
655,25.856297083369995
656,26.1384881596
657,0.2957771927199997
658,63.433192272199975
659,131.34222999950006
660,20.81077763496999
661,1.5082495331199988
662,2.8031899097400013
663,1.17340338598
664,12.038958407569996
665,20.6438944239
666,19.94146743739999
667,3.267983450910001
668,9.642484131369992
669,0.37325623959
670,14.011993932359996
671,151.24777320900003
672,255.65075340699983
673,277.46395935799967
674,252.87104187499983
675,261.74675261899984
676,178.87639511
677,157.51005661750003
678,205.62275527690002
679,210.91675323299995
680,125.98600265389996
681,166.4160298957
682,171.94235823940008
683,97.79332458050001
684,195.6769874523999
685,166.2188008164
686,181.63251679089998
687,137.9347416713
688,195.97601387299994
689,173.2371071534001
690,222.06028823599993
691,209.39318276199984
692,66.143685912
693,73.33348899449999
694,52.518067359499994
695,83.68162960020005
696,90.55138053630004
697,98.13971702000002
698,43.095581874699995
699,61.37303848109998
700,43.39773509890002
701,8.742296705470007
702,0.81496933311
703,0.7476230284600005
704,1.50775435022
705,42.2212972835
706,70.6777621095
707,35.09149242390002
708,44.14458395060001
709,29.690115929659992
710,9.481574525950002
711,29.72933289573
712,59.7332425668
713,17.690934139780005
714,1.1665670341500003
715,20.396408358179997
716,22.453217135189988
717,11.378055053180008
718,4.97501311184
719,22.605911978420004
720,87.69318710259995
721,21.05524400754999
722,6.253086866609998
723,0.013008739839999995
724,0.4814842411300001
725,2.2455376075899998
726,3.671117042340001
727,96.60846839980002
728,129.44717613229994
729,76.02492358959996
730,161.31065078900002
731,167.30921158300004
732,253.99598594699992
733,277.51410766399977
734,200.12265060899998
735,244.14880249299986
736,120.25274734619998
737,179.694726631
738,123.21720145579998
739,38.760542869300004
740,27.785210828890005
741,184.62051818
742,255.19689865399985
743,242.2869753999999
744,241.80765701499993
745,194.5414296686
746,130.0889386853
747,183.53591484300003
748,172.64537888100006
749,123.3325390606
750,76.62296306479999
751,47.62624158840003
752,103.82637118820001
753,133.25035789429998
754,260.80880959
755,191.32201866049994
756,118.53431296589999
757,165.16427468229998
758,146.04794029729993
759,176.03417450399996
760,144.5048804454
761,73.38751174709996
762,74.53108562790001
763,89.29594551420004
764,100.44473094650006
765,67.75389472979998
766,58.242846029600024
767,50.22888999960001
768,72.01154819149997
769,46.829051455999995
770,13.01943909347
771,26.85463808978999
772,10.238638496920009
773,0.005055062139999999
774,5.705640852860001
775,53.959629630500004
776,59.361058787799976
777,24.884164142650008
778,71.24468363152002
779,17.597926908360005
780,13.92757272766
781,31.87013347639998
782,17.37911666589001
783,3.96214606041
784,13.831587079719995
785,18.469646430680005
786,20.543682795189998
787,6.596090764840003
788,18.801506304940002
789,30.07896825830001
790,5.87069767482
791,0.8508985737199999
792,182.771634748
793,783.5616406219996
794,484.49883238600023
795,400.4394245950001
796,746.0127239929997
797,475.55430663499993
798,434.81007186899996
799,460.37761138300004
800,413.78188690799993
801,240.00592362399985
802,164.01443434680002
803,267.93796059199974
804,250.1801975269998
805,127.94560127149998
806,88.57776576459996
807,158.17752510000005
808,111.48138763149993
809,196.9456434651999
810,269.29505888700004
811,243.41422119999993
812,242.15772782099998
813,189.5185791039999
814,191.87380493279997
815,103.20322638869997
816,14.975916453000014
817,2.0591411138100004
818,97.75824607380004
819,157.72748192370003
820,125.39111205619999
821,109.87747908739999
822,145.8291883792999
823,197.44207977299993
824,211.95058815200005
825,155.97622284369996
826,90.99197143189998
827,84.39327717170005
828,107.14214744389997
829,102.50011398279997
830,69.31974326809997
831,15.544727001580002
832,27.98818190555999
833,68.70886096899999
834,24.774741314969997
835,13.242611576949994
836,5.8321248140099975
837,12.87845176309
838,5.862537610810003
839,0.02140352018999998
840,2.349080469180001
841,62.43538313868996
842,18.08957747464
843,28.90406786970001
844,89.11775127439996
845,51.324853612100014
846,90.30052837509993
847,24.864577416369997
848,22.53073707620001
849,8.295655867510007
850,4.1754904336999985
851,14.416322017639995
852,1.45045951401
853,1.4569430178999994
854,46.16206830910001
855,5.28230101318
856,10.415119320089996
857,441.013131103
858,826.2745935029994
859,690.6948397749995
860,564.0912124560003
861,645.9123095609999
862,765.5886315849997
863,466.065973201
864,453.4478707849999
865,226.12533538399992
866,279.9083074979998
867,226.65908592859992
868,198.6432637776
869,250.26145073299978
870,188.01014205499996
871,243.35807289499994
872,127.6471343228
873,49.77422229710001
874,170.10062514100008
875,232.55932312499988
876,246.195089404
877,239.20402419399994
878,187.7582505779999
879,234.93772002499992
880,134.01278876799998
881,49.925368270699984
882,41.66230308529999
883,169.846232377
884,215.69949172399993
885,171.19049385659997
886,211.10385208900004
887,147.04000320989996
888,198.213110887
889,217.31090034899992
890,186.43171966400007
891,119.92921157370003
892,109.90384589740002
893,107.58560661410007
894,100.8258236248
895,86.01375789350004
896,95.24819858249997
897,76.26191692030001
898,86.12624861969998
899,8.865920520570006
900,0.6614634144100002
901,4.526459839400001
902,4.68459058647
903,1.300472260949999
904,0.012142803680000003
905,19.359346004530003
906,88.41767642899993
907,152.8758564773001
908,198.9809764127
909,176.64561623300008
910,138.14460136160008
911,45.705859584399974
912,44.199574871900005
913,33.884707393100015
914,0.44004379831000023
915,0.1352554615
916,6.21821177238
917,0.3086447460299999
918,11.143627991549995
919,151.66418990900002
920,468.92502867800016
921,819.0042864989992
922,784.7173596149996
923,562.1946920700004
924,470.299531855
925,169.9724946624
926,194.23524589900006
927,187.53803482100008
928,206.12770050100005
929,335.456528014
930,264.71188515499966
931,243.08371659099993
932,271.3254361789997
933,147.00048629930004
934,267.8269420679997
935,172.92150291
936,168.12206024210002
937,99.7984175831
938,152.16416641119997
939,251.86938171099996
940,234.11540039899998
941,242.75932022199987
942,258.4457112119998
943,163.311331325
944,160.73025299309995
945,173.76287819199996
946,195.34304726250005
947,196.52900032360006
948,193.5455097954999
949,234.93877228099987
950,167.11810433319997
951,173.45160920300012
952,173.4422242106001
953,183.90583641720008
954,194.54812164509994
955,104.12067344529999
956,91.24320300650001
957,59.1815876768
958,87.53496711629998
959,86.43216666100001
960,98.04326388519999
961,34.77351522470002
962,26.94977198529
963,11.411552863760003
964,5.322365966000001
965,1.60123811183
966,9.086944833520004
967,5.530202331589999
968,5.316802157370001
969,0.048088286409999986
970,9.975656904019997
971,21.6109301951
972,27.35207821878001
973,69.49847934489998
974,37.850194759050034
975,15.076738196320001
976,29.826852818130007
977,5.332520037639998
978,0.015404064629999985
979,3.8214467597200006
980,159.64998649470002
981,249.0397264109999
982,248.92516929999988
983,707.5415176309995
984,455.56497223199983
985,111.72978408380006
986,87.51754291360001
987,213.43322097699993
988,224.45270674899993
989,120.59454184889996
990,204.58321060359995
991,258.9936242729998
992,208.45435027800005
993,182.09008972350003
994,189.93018340500004
995,214.976445464
996,249.74283516299988
997,126.41511726370003
998,270.0391201839997
999,225.6725236622
1000,47.813337078099956
1001,238.08960891699994
1002,263.132424156
1003,255.0885160839999
1004,198.89324386999994
1005,213.22879806399993
1006,166.09995094829995
1007,163.37831894159999
1008,148.48192932909996
1009,197.1797023
1010,234.52268449100012
1011,206.8916541350001
1012,169.89259918800002
1013,227.87760025600008
1014,196.27491409400005
1015,179.35106629540005
1016,198.6337339076
1017,94.78425086469998
1018,114.89659820430006
1019,49.6977311507
1020,108.25994067919999
1021,90.12821334619997
1022,95.78004259989997
1023,32.64932186150001
1024,33.71717940406999
1025,23.145443663579996
1026,10.619738074070002
1027,5.656878414329997
1028,14.531226912249993
1029,14.240483775309995
1030,7.333781802480006
1031,0.005808929289999998
1032,0.052487444709999984
1033,28.543129739499996
1034,47.7040963559
1035,243.19035339899992
1036,254.14010047999986
1037,240.85452591699982
1038,409.39395447400005
1039,481.9928567410002
1040,274.5057806409999
1041,81.44539054959998
1042,175.2041651969
1043,116.82287917669998
1044,113.94181891979999
1045,149.87149986379995
1046,166.68739257300004
1047,172.04192816600005
1048,161.40035369650002
1049,231.14243637199993
1050,178.99974364600007
1051,281.97810745999976
1052,165.94964346609999
1053,254.38948830099983
1054,200.55975837559998
1055,21.162808065609997
1056,111.61918059069998
1057,147.53718910569995
1058,126.5225994854
1059,242.66713134399998
1060,216.63269241199993
1061,146.09078361309994
1062,160.16544143570005
1063,200.05484977899997
1064,196.02621895500005
1065,162.58625413029992
1066,195.57912072090005
1067,190.67567399000006
1068,197.46454986990025
1069,186.60799057400007
1070,201.13497848960003
1071,317.65828413999986
1072,151.0864312875999
1073,128.28880569470005
1074,105.9015507037
1075,51.22385919459999
1076,59.8783177752
1077,100.16374072869998
1078,24.58678894046
1079,13.797847676429994
1080,16.647911282199992
1081,14.582889466479994
1082,18.323338957549993
1083,10.594355840900008
1084,5.874778208890002
1085,1.38639733543
1086,20.539028925489987
1087,192.0595117084
1088,237.33998840699988
1089,219.70080649899992
1090,244.09273155199986
1091,260.9705079599999
1092,431.04847015300004
1093,468.50072905400003
1094,477.1486508070001
1095,178.3326698339
1096,211.13151847799998
1097,182.82145210599995
1098,231.77468018099992
1099,197.94017555000002
1100,262.84237289899977
1101,194.96551597400006
1102,159.85144760080001
1103,255.20271675599983
1104,245.30683571499992
1105,92.62702681900001
1106,160.53091185800002
1107,229.999924015
1108,263.87070625999974
1109,59.2522956076
1110,81.77909385249998
1111,142.236144869
1112,182.37074646559998
1113,245.94129943999988
1114,252.4958856189999
1115,173.22629868499996
1116,169.41414994520008
1117,222.63784256559993
1118,215.49542541390005
1119,155.43577728609998
1120,213.5661408280001
1121,396.62468033600015
1122,483.39960815600017
1123,222.63853545400002
1124,159.19356293090001
1125,274.9740794289999
1126,146.23059860200001
1127,124.8766381121
1128,108.7288581068
1129,99.44740588219996
1130,83.79229270529996
1131,98.29767410029997
1132,26.61474852557999
1133,23.435418806069997
1134,25.947084198189994
1135,14.750781340809992
1136,8.334555880610003
1137,7.182959735600001
1138,1.9185381107900021
1139,0.016318965299999984
1140,21.742857828339982
1141,184.14799193000007
1142,254.14756065399988
1143,253.8180375709999
1144,189.570985553
1145,241.93753280899992
1146,441.894741669
1147,772.1886627139996
1148,474.00163664700005
1149,395.4251989790001
1150,180.3330902139
1151,215.72279616500003
1152,161.90978607790004
1153,166.29501754150002
1154,161.79515113099995
1155,211.19699630800002
1156,199.32753089800016
1157,170.42386557700004
1158,224.61266541019992
1159,249.45583595499986
1160,210.695813752
1161,244.1018586749999
1162,155.40225097300004
1163,208.1527066776
1164,77.35300917719998
1165,114.40231376019996
1166,149.04169181309996
1167,167.82009582659998
1168,232.71622634999989
1169,225.36366561999992
1170,225.50876708899995
1171,178.78881615620006
1172,324.12131560399996
1173,367.886498411
1174,242.979343717
1175,132.3084890775
1176,401.0726850940002
1177,499.24670991000005
1178,283.56062957999984
1179,469.40322113300005
1180,406.2270875630001
1181,112.90138091860003
1182,100.65057234759998
1183,120.85627441450006
1184,99.41870476050003
1185,101.96982536130007
1186,130.5973047672
1187,24.40988512027
1188,21.171539335019997
1189,21.163001602500007
1190,4.60818947914
1191,3.2443770116299997
1192,0.29686906157
1193,0.57352581896
1194,11.677203431610002
1195,28.155540361250004
1196,205.25285933600003
1197,249.97272537499998
1198,245.44654266999996
1199,237.3435371449999
1200,223.63413283799989
1201,238.65017349199977
1202,312.3339559939999
1203,467.4758561639999
1204,458.18582534299986
1205,293.1664236399999
1206,206.31450622899993
1207,63.158233374799984
1208,45.7711289972
1209,105.07590026899999
1210,189.52322144
1211,167.8986537865
1212,249.0908963829999
1213,201.72327087440001
1214,267.57211937699964
1215,265.9761902689997
1216,270.7342993979997
1217,253.63653053699983
1218,54.061626280800034
1219,96.27937400329998
1220,21.339821196159996
1221,28.296458329719986
1222,129.47362006679998
1223,191.29330780310002
1224,228.3386993369999
1225,225.67632339199994
1226,214.93644103920005
1227,230.29356848919997
1228,254.515349421
1229,399.10462784900005
1230,508.215682677
1231,364.87733046899984
1232,381.5546893330002
1233,170.60976257570005
1234,483.7232003910002
1235,293.3162751789999
1236,182.2460188328999
1237,127.2970407157
1238,56.133293551200005
1239,73.24253127629999
1240,98.6717575819
1241,204.51878845399995
1242,213.37432616989992
1243,28.991619605210005
1244,17.45042927773
1245,21.579960068499997
1246,4.680104662180001
1247,2.82993248109
1248,3.063872354750001
1249,0.14838548891999992
1250,1.1364747929300003
1251,0.8019682728899997
1252,9.233833044819999
1253,75.44875921079996
1254,117.7617201978
1255,250.43922867499995
1256,238.19252594299982
1257,252.10912033499994
1258,250.33055435599996
1259,234.81909774499994
1260,223.003649443
1261,220.366593856
1262,218.230919721
1263,315.157302401
1264,210.70769950700003
1265,198.18229713000005
1266,41.92340873825002
1267,148.2975544787
1268,269.6418141229997
1269,160.30117400560002
1270,226.9954695915999
1271,267.25126793499965
1272,267.3358510649997
1273,266.76587349499965
1274,272.2323106439997
1275,259.22317276599983
1276,144.5667543059
1277,48.37057735379998
1278,48.331422594999985
1279,3.5188736200600004
1280,109.67707602679998
1281,106.96503821669998
1282,99.73943057900004
1283,45.979147166499985
1284,174.92205102300002
1285,216.761606289
1286,450.79564515600015
1287,330.1337161260001
1288,488.16969452200027
1289,511.42966034600033
1290,407.66868668100017
1291,463.6494671660004
1292,164.87791908489996
1293,190.4589082357
1294,29.466048908940003
1295,67.92131935099998
1296,108.70439098140002
1297,56.290370216999975
1298,15.15336144985
1299,9.613225614270009
1300,124.00714217889995
1301,506.89120024800025
1302,279.06465927499994
1303,140.45681411660001
1304,34.4556114761
1305,43.9852822311
1306,2.6615639617500024
1307,22.845972604930008
1308,13.641541396680005
1309,0.5579616248899999
1310,0.05832129493999996
1311,1.1558634954399993
1312,3.53257016675
1313,3.926200276729999
1314,5.814282293620005
1315,4.359486557419999
1316,0.5802063609299999
1317,4.478354644769999
1318,39.68424566310001
1319,146.56615265139996
1320,255.2970825219998
1321,246.04689475999982
1322,249.44814224299992
1323,228.35107712199996
1324,253.97337097499988
1325,246.14870422499985
1326,234.08815337999988
1327,226.33696251000003
1328,209.55046279800004
1329,135.11032592699996
1330,182.59494849979998
1331,228.11446296859995
1332,151.332951658
1333,54.53278781790001
1334,247.1982064109999
1335,231.40035027459996
1336,155.4088110348001
1337,184.80857497600002
1338,233.00059891699996
1339,246.2569076659999
1340,254.79508361399982
1341,416.9640118429998
1342,311.0204096809997
1343,246.81289306099978
1344,128.02149405839998
1345,24.631320456710004
1346,232.20496093899987
1347,98.02909789630004
1348,33.6069001003
1349,11.324370118649997
1350,83.61185394069997
1351,82.8282940275999
1352,157.7613428578
1353,286.82778641199997
1354,407.3390046710002
1355,299.4158102390001
1356,430.9457794340002
1357,340.16744933600006
1358,249.00986449799998
1359,70.04187564699994
1360,23.915661043769997
1361,111.23986251379998
1362,109.68864860629999
1363,67.72165511889997
1364,95.7652941503
1365,39.359493942500016
1366,133.61477798769988
1367,499.5614102190001
1368,273.89566955600003
1369,200.84771317189995
1370,18.107679739279998
1371,10.603562212490006
1372,2.3525308347800005
1373,5.567653930360001
1374,3.59026032281
1375,1.2619516962199995
1376,15.415940733010009
1377,47.90120798960003
1378,105.25246257369996
1379,50.71942649790004
1380,28.33937655433
1381,12.187298274489997
1382,28.930348853709997
1383,37.573586349590016
1384,212.24048934199996
1385,218.31220030799992
1386,154.17854965440003
1387,224.88270919199994
1388,240.44182922699986
1389,239.72138199299985
1390,243.59357498699993
1391,249.3808647179999
1392,210.42076323969997
1393,190.46281447880006
1394,82.95545829459996
1395,133.14496803159997
1396,143.60394942800002
1397,218.33353301799997
1398,224.34169303900006
1399,172.22001227780004
1400,200.04387939500012
1401,187.80732894840006
1402,173.22895102980002
1403,189.5779872070001
1404,295.152394413
1405,310.93554961499984
1406,257.4615837069999
1407,421.2979454049998
1408,321.5394448739999
1409,311.8622433359997
1410,232.42743773999982
1411,158.3451934052
1412,184.63644988789986
1413,73.53159405150001
1414,16.134981628399995
1415,1.0245084275499998
1416,1.18048755582
1417,1.5993017894499997
1418,53.94598810129998
1419,65.54895442859998
1420,146.97868736299998
1421,151.45986816469997
1422,170.44119354000003
1423,272.183262182
1424,475.243435066
1425,222.11403968999994
1426,155.86407844620007
1427,287.529096532
1428,250.17398590599998
1429,183.29796814290003
1430,274.95615082099994
1431,328.12389052899994
1432,350.20300323199973
1433,381.7639382960002
1434,357.3245606939997
1435,144.92918976099998
1436,43.803971290599996
1437,26.056963042409997
1438,8.102380397780003
1439,51.29816640850004
1440,156.05650627369994
1441,288.80443588499986
1442,148.57684711539991
1443,149.74987278049994
1444,76.20606649130004
1445,45.010631141500006
1446,30.668853120530006
1447,80.55094112249998
1448,96.71375945919995
1449,94.43788276659998
1450,95.85930374219997
1451,83.01860538160001
1452,149.0236473811
1453,241.9781007429999
1454,249.97272537499998
1455,235.7696652279999
1456,207.4999935887
1457,209.24035674799995
1458,199.73789504770005
1459,137.10801162509998
1460,210.213937682
1461,236.757626188
1462,218.581930311
1463,204.50423186900002
1464,167.85815161280007
1465,127.01160774030004
1466,209.19785323899998
1467,255.12696700499998
1468,210.6445864748999
1469,256.01537902599983
1470,290.28217819199983
1471,290.96283386199997
1472,291.02943603099993
1473,316.27688032899977
1474,467.26625380400014
1475,237.39276809099988
1476,89.07077983690002
1477,20.78218285148
1478,226.67355590999986
1479,153.1307544685
1480,141.11382881510002
1481,242.6120489469001
1482,414.3455368079999
1483,432.67123352400006
1484,519.6849545230004
1485,277.297402034
1486,300.90872511999993
1487,282.40891586799995
1488,396.5357783570001
1489,306.9238742009999
1490,293.33151489299985
1491,433.151502386
1492,408.7806160010001
1493,283.6889018229999
1494,289.4981416319999
1495,296.4815788259999
1496,224.9573043839999
1497,91.72133132580002
1498,1.11537530091
1499,0.38501096016999986
1500,53.304441299100034
1501,268.25430870380006
1502,75.98834714730002
1503,116.59893905290004
1504,159.7202315540999
1505,120.88454090089999
1506,50.15161199510002
1507,45.94519878390001
1508,44.85177022959002
1509,34.75083998735002
1510,65.56066467259997
1511,152.69011902469995
1512,251.29384064199996
1513,175.04009887230006
1514,247.8057922399999
1515,254.61046569899986
1516,253.31220886599988
1517,222.981013335
1518,224.34169303900006
1519,225.935747985
1520,223.87629722600005
1521,218.23046645899998
1522,236.012498168
1523,218.116534498
1524,194.76371703780006
1525,193.29811980880007
1526,142.9773611436
1527,83.55866832059992
1528,156.32345092780005
1529,241.92985366099984
1530,384.7261340219999
1531,344.67908796999984
1532,280.28829544399997
1533,210.946513975
1534,172.092733989
1535,211.144674373
1536,114.6416208639
1537,28.95501163489
1538,13.293615963279999
1539,105.78298507770003
1540,143.84700385909994
1541,380.22917646699995
1542,258.9985949699999
1543,405.620876472
1544,278.2077574199999
1545,281.2509500049999
1546,328.98701445999984
1547,453.272841195
1548,421.85130463199994
1549,465.0357013
1550,228.03562599799997
1551,214.051449284
1552,191.98825371490005
1553,259.46602058499985
1554,220.03324265089995
1555,185.3106723832
1556,109.27959373350004
1557,81.4446525188
1558,18.40413374903
1559,7.129168975530003
1560,0.38148201739999976
1561,39.92010106126002
1562,131.09517910059992
1563,108.98286109509998
1564,159.3685332523999
1565,102.07329085990003
1566,103.83083381429998
1567,105.24724616589997
1568,52.56309219360004
1569,171.11648276379998
1570,231.32454055999992
1571,216.17772185699997
1572,159.91644356300003
1573,80.76287765389999
1574,87.15671481759999
1575,220.33248115400002
1576,244.0339791115998
1577,209.77537520999994
1578,215.16237701299997
1579,218.03321990799998
1580,210.30252746299996
1581,275.8142925979999
1582,233.75846817000001
1583,235.84250991800002
1584,237.31531509199993
1585,212.82272887999997
1586,218.745970305
1587,113.00983406139996
1588,169.8419341169
1589,180.96410903490008
1590,383.3070222369999
1591,314.03609876699977
1592,216.469410169
1593,290.1034788499999
1594,315.6825527950001
1595,207.74740043500003
1596,20.318362417899994
1597,29.14220890045998
1598,4.626363433649996
1599,34.341921959850026
1600,182.93386070420013
1601,141.3589606582
1602,182.87933318879993
1603,294.70579024799986
1604,306.83639098999987
1605,409.09085206000026
1606,348.35304839399987
1607,523.1638348400002
1608,485.49385559400037
1609,436.96868989
1610,150.4837739565
1611,135.46003181479995
1612,205.54156432999991
1613,164.03799339380004
1614,190.67874183919997
1615,63.52510101239997
1616,0.9321328964000003
1617,0.038466738339999994
1618,5.244102465080002
1619,0.5383203610699996
1620,5.05886479164
1621,56.148719463500036
1622,108.05499133829996
1623,270.24814850200005
1624,124.32526970119994
1625,93.80702739750004
1626,105.48689284959997
1627,164.7802914477999
1628,212.88399948299985
1629,245.91698814399987
1630,252.58673752099986
1631,242.72949997099994
1632,173.09951681780004
1633,164.9709367264
1634,225.87156669700005
1635,236.655375212
1636,218.03321990799998
1637,221.19419456400001
1638,236.983060759
1639,213.47871619899993
1640,237.82129592700002
1641,235.84250991800002
1642,224.600709915
1643,242.68183060199993
1644,262.0545760409998
1645,241.07083611
1646,223.35215850699998
1647,162.13054840310005
1648,225.43070052799987
1649,284.67430373899987
1650,297.3884609939999
1651,320.45956451000006
1652,458.97657592799993
1653,327.6341091940001
1654,228.49988816099986
1655,31.7348180196
1656,49.573254985000005
1657,11.028811635969998
1658,3.73717121131
1659,98.78561080689998
1660,234.66523574399997
1661,280.1877897600001
1662,367.1497425749999
1663,259.9999108809998
1664,322.7730354289999
1665,487.25897187199996
1666,355.3274624589999
1667,304.239604645
1668,259.5060337739999
1669,222.04618056499996
1670,220.17670150199993
1671,176.5260051
1672,141.77383621219997
1673,79.14990287869996
1674,7.334814057640002
1675,1.59039908768
1676,16.062077589550007
1677,52.205771177
1678,131.6696580530999
1679,168.0126375589
1680,88.2656050478
1681,13.249952487900002
1682,104.55745330459999
1683,209.9243394449999
1684,117.2585823801
1685,120.3762187934
1686,209.490484158
1687,235.927791137
1688,217.75762138199997
1689,208.897228238
1690,225.87156669700005
1691,210.008815304
1692,224.71019050600003
1693,235.927791137
1694,222.61354469300005
1695,229.360580294
1696,239.10865630799998
1697,244.92546371399996
1698,237.39591263399996
1699,271.9652996899997
1700,253.01013496699986
1701,249.1268351819999
1702,180.39690344870004
1703,248.89130569299982
1704,221.56525908999996
1705,228.01557174399986
1706,279.3642932139999
1707,423.6074534610001
1708,258.5349778779999
1709,141.51119018870003
1710,46.66388347559999
1711,111.35727035269996
1712,21.351033411819984
1713,52.988540201429984
1714,225.05779648699976
1715,316.737678226
1716,353.79542495900006
1717,358.24220763199975
1718,277.145801083
1719,366.41418258200014
1720,279.54851760800017
1721,274.4825454699999
1722,242.3794067399999
1723,144.26090393319993
1724,146.09026847560008
1725,185.88043419100012
1726,49.350268154700004
1727,17.075553235810006
1728,6.449768469620003
1729,0.07022189149
1730,0.4843036528399999
1731,27.34235008220001
1732,80.79766998169995
1733,146.34276004910004
1734,57.990495890899986
1735,4.489074577800001
1736,81.74347022899997
1737,180.56878126940003
1738,47.792707329699994
1739,47.91873022159998
1740,219.97025726200005
1741,236.983060759
1742,232.677070006
1743,236.85810745299997
1744,209.77097594899996
1745,218.43277579999997
1746,218.33353301799997
1747,219.29166557199994
1748,240.56896561299985
1749,244.68542740399988
1750,255.06455566499986
1751,259.42397995199985
1752,264.8016559639998
1753,271.6588965679997
1754,264.4639600419997
1755,265.40439278099973
1756,248.69500595799985
1757,234.24795006699995
1758,259.30442764
1759,242.68173431399984
1760,283.70242904699995
1761,453.910637208
1762,277.3158665449999
1763,164.98023544269995
1764,151.8023956249
1765,46.317144631729995
1766,38.509669857100015
1767,0.45046117189000007
1768,118.96099159570005
1769,227.34296020399995
1770,203.80298385799998
1771,308.62160048399966
1772,297.1235002179998
1773,245.83387496200004
1774,225.93037948699995
1775,208.7713094366001
1776,194.20939567859998
1777,111.8644819577
1778,13.883484020549993
1779,39.447638960100015
1780,4.146817306300002
1781,0.6606602105600002
1782,1.8854564572399992
1783,6.624689709660003
1784,0.21561596851000003
1785,0.8193614706199998
1786,28.536397713700012
1787,124.49868140809998
1788,65.58170871599997
1789,47.1815144534
1790,70.21430396889997
1791,64.9583124919
1792,47.02890609769998
1793,62.41861871719999
1794,198.71312042000008
1795,226.32013175999998
1796,235.84250991800002
1797,236.56313568000004
1798,235.38537383799996
1799,226.32013175999998
1800,230.57264114499998
1801,227.89748428399997
1802,228.842947084
1803,255.79422874699975
1804,272.9111090159997
1805,276.8827491809997
1806,271.61350716299967
1807,270.83297508899966
1808,265.7617749829997
1809,266.96965462199967
1810,267.40013725799963
1811,267.0580274249997
1812,252.81406578499988
1813,255.0227757309998
1814,168.79485923640007
1815,189.38123817500008
1816,91.37044883699998
1817,47.422045382899995
1818,131.17091072639997
1819,236.7436706589998
1820,245.06508133599982
1821,118.1635056315999
1822,0.6193651302700001
1823,9.543265276200005
1824,75.75835012299996
1825,147.5106922176
1826,162.93973564610008
1827,219.8892250079999
1828,100.61184234690003
1829,176.10676796379997
1830,202.95271361719995
1831,184.6524920710001
1832,87.77518268589998
1833,38.4001167863
1834,51.22009113339999
1835,58.4420294955
1836,84.26623809819993
1837,35.1416843229
1838,33.216058721810015
1839,7.341399596020008
1840,4.5047021985899995
1841,7.978540774570007
1842,12.856714581700006
1843,54.779213562199985
1844,60.843313673199965
1845,166.98937637399996
1846,121.84171081699996
1847,225.945334551
1848,212.87277313100003
1849,225.87638534299995
1850,205.31223830969998
1851,118.00667305119998
1852,75.07672351469996
1853,138.78580581919996
1854,183.1486750712
1855,157.8141313108
1856,257.92821411699975
1857,266.96965462199967
1858,274.4916775589997
1859,268.85700310399966
1860,265.2054645579997
1861,263.3359676399997
1862,267.0653588149997
1863,261.30025459699976
1864,271.0812815159997
1865,278.1196785019997
1866,460.94823273000003
1867,396.3944837920002
1868,269.5277371259998
1869,157.3938943436
1870,146.2699260638
1871,120.61747589149998
1872,190.2231890111001
1873,265.70231628599987
1874,166.5935668931
1875,0.9654246835500002
1876,0.50727608315
1877,33.79326364560001
1878,158.98731582270005
1879,307.08935974900015
1880,129.46583786540003
1881,124.0639099902
1882,211.12206717889995
1883,272.63380249099987
1884,201.93129425019993
1885,150.569997872
1886,155.05799118299998
1887,240.4517700169
1888,157.13116638979997
1889,78.62351646730002
1890,20.676507277540004
1891,5.155830240409997
1892,0.8696553944600001
1893,10.929576038470001
1894,18.910164413970005
1895,7.287218103090003
1896,3.81220811488
1897,0.7147081062599997
1898,3.5683344817100004
1899,26.162592944700005
1900,47.49400157929998
1901,150.6810092963
1902,135.94079636409995
1903,119.49407409580003
1904,197.22000106799996
1905,151.70852287970004
1906,201.34727782899998
1907,159.5724853511
1908,73.60536472219998
1909,1.4564577084900001
1910,80.99247901900002
1911,148.7863621591001
1912,130.40369957570005
1913,244.34329765399988
1914,267.8007727869997
1915,254.1600965149998
1916,246.5199620849999
1917,265.2054645579997
1918,259.73234703499975
1919,252.17451027199985
1920,248.52664711099987
1921,266.15153023499965
1922,318.4096617060002
1923,326.1092665100002
1924,295.76449402
1925,172.3900112204001
1926,176.88097046340008
1927,133.79225669619996
1928,123.83998031709996
1929,130.79214890179998
1930,134.36438766429998
1931,39.280108242299995
1932,1.0718095111700001
1933,78.56101604029999
1934,234.11692168899992
1935,333.314579004
1936,354.2342355300002
1937,178.71789955099996
1938,204.33762062099993
1939,161.691709742
1940,222.31532119220003
1941,220.10303146299992
1942,86.6815844698
1943,185.68062134299998
1944,179.597355881
1945,245.34573654999994
1946,214.6499574270001
1947,184.09547867430004
1948,77.8413758849999
1949,46.93844335610002
1950,77.88006736269996
1951,106.64060633699997
1952,66.69034526669994
1953,57.12090936579999
1954,7.356822602950003
1955,0.002529740620000001
1956,5.682165876710005
1957,52.01956810009999
1958,118.6858610467
1959,61.77716617449996
1960,117.76738399370004
1961,141.60576576060004
1962,132.83973457230002
1963,113.85194259849997
1964,178.66944289949993
1965,168.61995734250002
1966,115.48882439330008
1967,163.68242858169992
1968,142.06008263390007
1969,150.38001693910007
1970,206.44999228699987
1971,254.32762756799985
1972,264.4945107309997
1973,276.8827491809997
1974,275.79164993699976
1975,271.4105901409997
1976,267.0653588149997
1977,250.40543701699983
1978,258.0240255009998
1979,253.12966095499996
1980,191.75259101780003
1981,146.43450972940005
1982,43.81446960440001
1983,105.09950607259998
1984,258.41202210099976
1985,230.38307434899997
1986,106.05387168980005
1987,62.301833227300015
1988,2.556681169279999
1989,1.4200341952000002
1990,93.80487575420005
1991,172.80192794599995
1992,203.3094709
1993,199.27303024399995
1994,224.57977462799997
1995,151.0499344665
1996,149.25701263489998
1997,164.00019371799993
1998,126.97875320449994
1999,51.891463718199994
2000,58.06395580230002
2001,137.95335143920002
2002,142.49040276209996
2003,177.16854942390003
2004,169.72103279550004
2005,48.455771923600004
2006,45.254683589900026
2007,23.567369583900007
2008,16.05752840062
2009,27.575060167199993
2010,21.309630051
2011,2.1276241100000006
2012,24.433069333389994
2013,106.69960166729997
2014,87.35649333580001
2015,210.747224879
2016,176.1281737574
2017,162.77996513100007
2018,177.53120658880002
2019,169.948486323
2020,183.54584403500002
2021,127.32576096200005
2022,123.11123543259995
2023,142.16043976340003
2024,153.10012459150002
2025,106.30407897600007
2026,253.14372025099988
2027,253.85794289099988
2028,247.26375923599986
2029,269.25742210899966
2030,272.0200605849997
2031,266.57413658599967
2032,241.50400360399985
2033,250.72220772199984
2034,263.1311769149998
2035,238.75132386199982
2036,195.22641693000008
2037,145.3236939196
2038,275.5763681079998
2039,397.04345184300007
2040,377.56655075000015
2041,135.92261313529997
2042,1.4299055826200007
2043,2.823190069219999
2044,134.69873260180003
2045,254.33146316699992
2046,266.4690237459997
2047,247.78467529599982
2048,219.45538818300008
2049,201.06257683150008
2050,216.21248260499993
2051,170.54586448889992
2052,165.83273224129996
2053,22.097335977090005
2054,2.2710677528800005
2055,7.4576850659800025
2056,5.016129371690006
2057,7.144733737249998
2058,9.666471010099995
2059,21.64534341811999
2060,18.912812623399997
2061,1.1180572758800003
2062,0.025358943959999995
2063,16.98199704189
2064,67.66245704520003
2065,152.88730659550004
2066,158.49915481590006
2067,151.23373451300003
2068,185.96697501899996
2069,153.31538338250004
2070,109.05870430650008
2071,33.54679149730003
2072,43.78223796839998
2073,109.30260215999999
2074,78.05411494919998
2075,12.575135446360003
2076,103.91372824980006
2077,178.1568640843
2078,222.170680388
2079,251.24714813799994
2080,254.45155884399992
2081,248.26389725599995
2082,210.085892869
2083,149.72057494939997
2084,117.46159957280001
2085,72.85692130679998
2086,136.74938743769997
2087,287.819112245
2088,288.11145385499987
2089,393.14215591000027
2090,295.29996337499995
2091,37.77665170665001
2092,10.135586306479993
2093,204.78504837100002
2094,258.43476410199986
2095,203.88827964699993
2096,233.18911133499995
2097,256.4885879559998
2098,204.01627594100003
2099,196.41097901000003
2100,203.53179855500002
2101,202.7913288910001
2102,103.30738624489996
2103,45.403937206200006
2104,15.301139842050011
2105,0.4496122529
2106,0.02923941624000001
2107,13.790446730130002
2108,7.963180943720007
2109,2.8188572383899992
2110,0.08391564573999999
2111,20.196257706450005
2112,171.6413046971
2113,152.40448776540003
2114,129.6313622332
2115,118.28361976650001
2116,92.05444049160005
2117,53.827257443
2118,6.539594958360001
2119,1.3972005761499995
2120,6.76230317121
2121,9.326318197480001
2122,0.34075573012999993
2123,17.248494082600004
2124,53.18422218309998
2125,115.56188995000002
2126,42.295462150599995
2127,101.18338107490007
2128,231.25107361099998
2129,207.0435522439999
2130,221.259010922
2131,202.13596908500003
2132,237.6533471729999
2133,251.06917831599986
2134,280.0798907479998
2135,310.3928857410001
2136,314.11850860100003
2137,245.36430572899985
2138,18.456596002719987
2139,11.878514232030005
2140,91.1096214308
2141,110.49236182490002
2142,44.04405328720003
2143,254.1749194379998
2144,257.0240567069998
2145,251.1649497979999
2146,187.59339806050005
2147,226.25644210799987
2148,209.0822569270001
2149,151.71696234729998
2150,101.94860915629995
2151,70.96774219249993
2152,25.580210646790007
2153,29.786256895009977
2154,28.537030620509984
2155,0.91608743072
2156,0.4949437752899999
2157,44.27005420690001
2158,122.68305061890001
2159,159.49240759960003
2160,110.27002292170002
2161,75.50141651169996
2162,52.70081436229998
2163,53.547860278100025
2164,40.45199151910003
2165,11.322050429340006
2166,8.666299881609996
2167,31.354601555180007
2168,22.878033399519992
2169,152.77593307630008
2170,231.760467991
2171,249.18060348899996
2172,240.47021988499992
2173,250.72518837299987
2174,389.3213812210002
2175,307.9980743370001
2176,231.48799698199986
2177,224.54005371699986
2178,114.52904076089992
2179,4.942999880429996
2180,0.3197311471999998
2181,2.2893134868799994
2182,7.166448555640004
2183,37.12527238820002
2184,97.19339022989998
2185,253.2820144699998
2186,234.5816252239999
2187,190.8954892019
2188,201.30327834999997
2189,191.8725752266
2190,218.73970405660003
2191,144.28481292920003
2192,159.62650108580002
2193,107.82464976600004
2194,59.5800989919
2195,12.25309063009
2196,4.874866613770004
2197,0.06186808650999996
2198,17.917821265200008
2199,143.99698891150004
2200,152.9331922166
2201,139.3845719142
2202,136.3260010461
2203,240.0073031549998
2204,199.89108787439997
2205,73.46444553409998
2206,1.0212878232400002
2207,0.8654963558299998
2208,0.07396811346999996
2209,0.5039518535499998
2210,10.398420749600001
2211,51.933976382899964
2212,169.24524139120004
2213,250.84523048599982
2214,260.5670406389998
2215,248.38688301599987
2216,244.6314517229998
2217,262.1618129019999
2218,179.77438606540014
2219,18.795333080499983
2220,2.14736770749
2221,4.045684949330001
2222,12.881403322140002
2223,82.18958243539997
2224,120.38601599709995
2225,168.41584381190006
2226,185.82503708550004
2227,183.34215034890008
2228,148.04010147539998
2229,185.2140134446
2230,140.48991142230003
2231,112.02202926479997
2232,53.15956378889999
2233,34.0526707065
2234,0.45234151809999995
2235,1.578060778360001
2236,0.02045268159999999
2237,14.313107977680001
2238,128.0308605072
2239,195.40365714999993
2240,201.1744959199
2241,192.66525001400004
2242,308.05162765999995
2243,198.53242606889992
2244,64.17016624519997
2245,44.60636405830002
2246,33.716045075000004
2247,100.2237961608
2248,156.35763816709994
2249,137.33572441400008
2250,252.11717247299984
2251,247.12947670099985
2252,241.8750730929999
2253,116.7569563259
2254,10.868982971600001
2255,8.204162476179999
2256,2.86204929108
2257,0.57829464462
2258,2.09395978217
2259,8.611612412640003
2260,50.319287261399985
2261,81.9119516375
2262,131.7550286119
2263,183.91809944350007
2264,241.5175361669999
2265,224.60224487899998
2266,174.3580115511
2267,105.85704886789992
2268,10.472896589349993
2269,1.5845889865499998
2270,1.8856140094800011
2271,0.43786636668000006
2272,0.45884527308000017
2273,0.25691488947999996
2274,6.758991649380002
2275,27.520036440010006
2276,149.18475654899999
2277,197.42026733100008
2278,220.6589240259999
2279,233.9317355349999
2280,183.09949271640002
2281,128.1551453428
2282,137.27828957290004
2283,197.220802077
2284,201.7598590829999
2285,222.59003234899996
2286,248.3622426619999
2287,162.03708793610008
2288,49.284358777929995
2289,6.5243038875399995
2290,0.05068313503999997
2291,35.67012658940001
2292,50.70505470259998
2293,71.57649219109996
2294,114.73896361910002
2295,150.33617607249994
2296,149.7252054569999
2297,134.97850959779998
2298,47.38353336329997
2299,1.2255735633499996
2300,0.2725684991199998
2301,0.2848627727599998
2302,4.153805425459997
2303,0.020900772859999976
2304,11.64620939329
2305,46.177529965500014
2306,135.33390067209996
2307,195.34159354900004
2308,206.1405410773
2309,103.3742943969
2310,195.649700622
2311,74.36449546879999
2312,85.12638889770001
2313,41.17014196280001
2314,67.6240751274
2315,19.81916051854001
2316,0.6001966718300001
2317,1.5831745421399999
2318,8.64403942306
2319,74.83983985709997
2320,100.67489539740005
2321,117.08120201039999
2322,121.40593116550001
2323,100.83299487679999
2324,42.46604404410001
2325,2.5457705069499994
2326,0.16951580772000008
2327,2.2661300873500023
2328,2.264713146060002
2329,0.49026057224999986
2330,0.021030258289999985
2331,1.67855760402
2332,37.11129514750003
2333,46.08556297400002
2334,15.885171307209996
2335,34.88351436640001
2336,7.529489163289994
2337,1.5513748549800002
2338,0.32754976443999984
2339,0.5078329115200004
2340,80.07736850409994
2341,111.86929839349999
2342,121.73152801679998
2343,155.27089622820006
2344,118.69450209949999
2345,35.06039876849999
2346,37.3019177058
2347,3.02809843431
2348,0.5059086993799999
2349,0.4663535170000003
2350,0.60427671427
2351,0.2980948095199998
2352,0.9939086596300002
2353,89.18749122259996
2354,155.38333672009998
2355,115.59690192249995
2356,156.58135673680002
2357,85.5134899055
2358,6.045517104450002
2359,4.205271977300001
2360,0.03212942663
2361,0.023214627389999992
2362,0.01729920378999999
2363,7.014870758700002
2364,71.35854541549999
2365,111.09574477600006
2366,154.83211364829995
2367,128.85671240929994
2368,55.269733085
2369,2.7372085096300007
2370,1.5868395304100005
2371,1.5213577531900002
2372,6.944950412720002
2373,86.39368213419995
2374,159.95446128699996
2375,158.02505944099997
2376,101.38309360040003
2377,22.5355533787
2378,0.08636382536999994
2379,2.502371064470001
2380,2.64394625196
2381,4.004217016670001
2382,7.931464734510009
2383,48.5846190841
2384,152.80648651239994
2385,122.3691559544
2386,62.20637504380001
2387,0.7377943577700004
2388,0.6831529390700001
2389,0.25808972191999996
2390,40.03154815560004
2391,40.960654772600016
2392,12.2649595692
2393,62.51186279220002
2394,26.757928313399983
2395,5.211519756380002
2396,25.287128847710004
2397,34.158472556999996
2398,4.11440666198
2399,0.05164395092999998
2400,0.9373765716800002
2401,45.839080448199994
2402,43.11441104910002
2403,19.183564539439995
2404,3.5642278861499994
2405,5.8970066614200025
2406,0.9317339711499997
2407,8.91158413001
2408,8.981991220099996
2409,4.14160221099
2410,0.04554056714999998
2411,0.05204400569999997
2412,13.886201882609992
2413,4.836547340180006
2414,0.14408432273000002
2415,0.038016221629999986
2416,1.3954914790000006
2417,0.18705263745000006
